4,2
163,1
3,6
163,3
3,5
163,0
3,4
3,3
4,1
3,2
4,3
3,1
4,0
3,0
2,4
2,2
1,3
1,2
2,1
1,1
2,6
1,0
0,315
0,243
2,3
2,0
162,1
162,3
162,0
164,1
164,3
0,321
0,439
164,0
0,9
0,310
0,305
0,308
0,304
0,303
0,302
0,307
0,12
0,438
0,10
0,8
0,0
0,425
0,300
0,424
0,299
0,423
0,298
0,437
0,297
0,422
0,296
0,421
0,295
0,420
0,294
0,419
0,293
0,436
0,292
0,434
0,291
0,418
0,290
0,433
0,289
0,432
0,288
0,417
0,287
0,416
0,286
0,415
0,285
0,414
0,284
0,413
0,283
0,412
0,282
0,411
0,281
0,410
0,280
0,409
0,279
0,407
0,278
0,406
0,277
0,405
0,276
0,404
0,275
0,403
0,274
0,402
0,273
0,401
0,272
0,431
0,271
0,399
0,270
0,398
0,269
0,400
0,268
0,397
0,267
0,396
0,266
0,395
0,265
0,394
0,264
0,393
0,263
0,392
0,262
